0.3297
0.3073
0.1264
0.6577
0.3026
0.1840
0.5484
0.6432
0.7439
0.7828
0.3307
0.1668
0.5150
0.7258
0.2272
0.5722
0.7042
0.2838
0.4604
0.3793
0.3586
0.6185
0.5490
0.5862
0.6496
0.4593
0.2583
0.1362
0.0937
0.4522
0.2559
0.0694
0.5172
0.4231
0.2580
0.3295
0.2939
0.5189
0.2935
0.4394
0.7294
0.2056
0.7484
0.6426
0.3784
0.5791
0.1896
0.2085
0.0865
0.5224
0.2297
0.2963
0.2874
0.2444
0.2382
0.2963
0.2879
0.1920
0.4025
0.4524
0.6122
0.0704
0.5359
0.4917
0.1961
0.7209
0.2476
0.4153
0.2574
0.1292
0.2352
0.3940
0.2915
0.3630
0.3853
0.1208
0.2613
0.2021
0.3903
0.5769
0.2707
0.3485
0.5794
0.6029
0.3100
0.5330
0.3332
0.5878
0.3370
0.5011
0.4186
0.1706
0.1190
0.3925
0.5023
0.3045
0.3042
0.3514
0.2779
0.7504
0.4268
0.4856
0.7543
0.3279
0.3934
0.8025
0.3490
0.4882
0.3958
0.4789
0.8457
0.3572
0.3084
0.1311
0.3525
0.5825
0.3802
0.5349
0.1802
0.3191
0.2325
0.1685
0.2841
0.2964
0.4656
0.5601
0.5636
0.2865
0.3575
0.5438
0.0908
0.2153
0.4932
0.0929
0.5871
0.4972
0.2035
0.4510
0.1961
0.9101
0.2771
0.3984
0.5134
0.1831
0.6084
0.2682
0.7116
0.7990
0.3639
0.2139
0.1092
0.3218
0.8267
0.4108
0.2797
0.3915
0.7520
0.5197
0.3407
0.1531
0.3118
0.4207
0.6050
0.5005
0.4686
0.2486
0.4478
0.0439
0.4960
0.4803
0.3976
0.5228
0.1078
0.3660
0.3838
0.1772
0.4390
0.8074
0.5511
0.5315
0.3790
0.1626
0.5575
0.1383
0.2083
0.7229
0.7818
0.2629
0.4157
0.3812
0.5170
0.5499
0.1563
0.2222
0.5724
0.2912
0.2137
0.3956
0.7228
0.0994
0.4043
0.3716
0.2331
0.5295
0.1315
0.3350
0.4563
0.7492
0.3332
0.4966
0.2602
0.6441
0.3548
0.3451
0.2194
0.2449
0.4891
0.4202
0.5867
0.8003
0.4109
0.5043
0.5629
0.3812
0.5370
0.4700
0.2235
0.7229
0.4678
0.2944
0.1813
0.5668
0.2141
0.2761
0.2446
0.6416
0.2075
0.2944
0.6492
0.1389
0.3930
0.0921
0.2069
0.1249
0.4380
0.6228
0.4288
0.4065
0.4889
0.4399
0.1708
0.8229
0.1978
0.5914
0.2982
0.2038
0.2356
0.7777
0.2322
0.0936
0.6043
0.3368
0.3364
0.3056
0.6468
0.3402
0.5050
0.3912
0.2734
0.5628
0.0394
0.4629
0.3334
0.4856
0.4539
0.2254
0.5266
0.3418
0.3805
0.3508
0.2175
0.3350
0.5501
0.3919
0.7889
0.2578
0.2980
0.6924
0.6452
0.3937
0.7438
0.2867
0.6897
0.5128
0.1342
0.4984
0.1998
0.7557
0.1367
0.5774
0.5908
0.3488
0.3527
0.2144
0.5321
0.3800
0.6760
0.1993
0.4729
0.7400
0.6406
0.3061
0.0911
0.3409
0.6817
0.3820
0.5888
0.1145
0.3243
0.4248
0.3675
0.5226
0.0437
0.2346
0.2943
0.3166
0.4700
0.3132
0.1575
0.3874
0.1449
0.3662
0.5558
0.0975
0.8909
0.4009
0.2765
0.6112
0.2765
0.1723
0.5270
0.3484
0.0579
0.2824
0.3597
0.1659
0.4776
0.0501
0.3516
0.5410
0.5206
0.2905
0.2117
0.2576
0.4394
0.3217
0.1676
0.3499
0.1526
0.6987
0.1881
0.1628
0.3744
0.1598
0.4793
0.1792
0.6904
0.3707
0.4131
0.2915
0.3439
0.1047
0.4067
0.2937
0.5927
0.4868
0.4414
0.2395
0.3631
0.2056
0.2378
0.3118
0.3599
0.4908
0.5020
0.5947
0.4103
0.1031
0.6149
0.8275
0.0620
0.1547
0.5083
0.5948
0.6130
0.5513
0.3438
0.2310
0.4787
0.5360
0.4100
0.6323
0.8115
0.7618
0.5881
0.3696
0.3368
0.2433
0.5309
0.8936
0.6433
0.2474
0.1832
0.2659
0.4378
0.6678
0.3975
0.5318
0.1173
0.1293
0.4527
0.1464
0.3960
0.7840
0.4883
0.3220
0.1636
0.3915
0.4557
0.1617
0.5465
0.6279
0.6475
0.6264
0.1965
0.5289
0.3780
0.5968
0.2989
0.5655
0.2273
0.2035
0.2208
0.0647
0.3152
0.0814
0.5695
0.4159
0.2187
0.2463
0.1186
0.3715
0.3655
0.4640
0.6656
0.6993
0.1409
0.3756
0.2692
0.2832
0.1700
0.5289
0.2263
0.2217
0.0261
0.6029
0.2819
0.1099
0.5013
0.1832
0.2056
0.4912
0.1991
0.3086
0.4459
0.2105
0.1032
0.6401
0.2803
0.4426
0.1563
0.2844
0.7561
0.1319
0.7844
0.4037
0.6489
0.8218
0.3519
0.4638
0.5511
0.3025
0.5370
0.3816
0.4817
0.3496
0.3518
0.2658
0.3659
0.7697
0.5469
0.4039
0.4536
0.2409
0.4685
0.6398
0.3832
0.2911
0.2446
0.2168
0.4470
0.5508
0.4741
0.5106
0.3700
0.6402
0.2310
0.5001
0.2036
0.3988
0.1861
0.5526
0.1780
0.2347
0.1119
0.3608
0.0770
0.5576
0.3528
0.0900
0.2123
0.3315
0.2385
0.0552
0.4031
0.4677
0.3444
0.3668
0.8755
0.5510
0.8885
0.3257
0.1781
0.3040
0.8428
0.4323
0.4207
0.3275
0.2104
0.8610
0.3809
0.2894
0.2753
0.7635
0.3349
0.4059
0.3062
0.1778
0.5793
0.3155
0.4179
0.0480
0.4567
0.6451
0.1893
0.0907
0.3097
0.4066
0.4408
0.3983
0.6265
0.2772
0.5936
0.6654
0.5550
0.7806
0.4125
0.1504
0.1239
0.1117
0.2901
0.3314
0.2944
0.1620
0.5719
0.4972
0.4592
0.2839
0.1026
0.4334
0.2261
0.1128
0.6110
0.1258
0.3778
0.4124
0.5555
0.4026
0.2893
0.5846
0.1219
0.4244
0.2426
0.3217
0.4632
0.3671
0.4316
0.4387
0.4204
0.1261
0.3418
0.8174
0.7269
0.3947
0.5817
0.2161
0.5493
0.3322
0.3301
0.3945
0.1106
0.4287
0.4977
0.3496
0.6298
0.6271
0.3289
0.1027
0.5301
0.1939
0.1242
0.5373
0.5748
0.7621
0.3592
0.0686
0.2497
0.1846
0.6433
0.2194
0.0902
0.4869
0.2574
0.2511
0.3080
0.8261
0.5047
0.5122
0.3354
0.4332
0.1821
0.7100
0.7753
0.5453
0.2967
0.8569
0.2922
0.2362
0.4045
0.4928
0.5131
0.2545
0.1262
0.3602
0.5127
0.7640
0.6498
0.2406
0.6971
0.3384
0.5414
0.4864
0.3466
0.4783
0.4848
0.1827
0.2278
0.2422
0.3293
0.6087
0.6149
0.3163
0.3676
0.4346
0.4679
0.7073
0.7042
0.0762
0.3054
0.7870
0.2725
0.2190
0.2655
0.2108
0.6885
0.1985
0.2511
0.3341
0.8295
0.5740
0.2178
0.2990
0.1426
0.2285
0.5737
0.6711
0.1298
0.5169
0.3060
0.3214
0.4577
0.6311
0.6179
0.5575
0.0143
0.0158
0.3823
0.3541
0.2903
0.5551
0.2760
0.3191
0.1288
0.4825
0.4276
0.3478
0.8504
0.6152
0.3611
0.2866
0.4238
0.2989
0.4144
0.8763
0.2738
0.5887
0.2832
0.5451
0.4236
0.6946
0.4328
0.1602
0.6477
0.5034
0.3372
0.3011
0.7308
0.4014
0.6088
0.2610
0.0910
0.6805
0.2954
0.8203
0.1599
0.5380
0.6437
0.6337
0.1354
0.5866
0.3103
0.4743
0.9221
0.1489
0.4706
0.5731
0.5918
0.2877
0.5091
0.9794
0.3029
0.7564
0.5439
0.7267
0.2089
0.2614
0.5013
0.2792
0.4886
0.3261
0.4053
0.1779
0.1779
0.2203
0.6625
0.2175
0.2277
0.3359
0.5999
0.6774
0.5680
0.5319
0.4604
0.5151
0.4822
0.5721
0.2941
0.4626
0.5447
0.5605
0.6938
0.2011
0.5633
0.5130
0.2257
0.6696
0.4155
0.2021
0.5407
0.7334
0.0890
0.0930
0.2115
0.3245
0.4536
0.5545
0.5473
0.6635
0.1873
0.7228
0.4559
0.1348
0.4392
0.4050
0.2835
0.2881
0.3367
0.4758
0.2835
0.2530
0.2019
0.3695
0.5265
0.7164
0.5585
0.0552
0.7439
0.3123
0.5341
0.3189
0.4076
0.6989
0.3576
0.3594
0.2557
0.3443
0.0715
0.5856
0.1820
0.5136
0.3424
0.6633
0.2452
0.3524
0.3048
0.2562
0.2070
0.1101
0.3990
0.3242
0.5730
0.4323
0.9566
0.5024
0.4531
0.4793
0.4009
0.7258
0.4015
0.1628
0.5451
0.6161
0.5054
0.4727
0.2170
0.3868
0.3329
0.3595
0.4926
0.5498
0.4257
0.4492
0.4642
0.4237
0.0306
0.6980
0.2600
0.1926
0.3428
0.5052
0.1199
0.7404
0.7108
0.4215
0.0617
0.6630
0.5380
0.0974
0.4948
0.4826
0.2142
0.1149
0.2994
0.1653
0.6861
0.6935
0.4910
0.6180
0.4340
0.1382
0.5297
0.7615
0.5004
0.3570
0.5420
0.3773
0.1451
0.7007
0.3394
0.5632
0.5853
0.5011
0.3502
0.6501
0.5536
0.3166
0.5004
0.4644
0.2109
0.3830
0.4077
0.5209
0.2166
0.2779
0.4708
0.6155
0.1890
0.6287
0.8135
0.1311
0.2995
0.8361
0.5178
0.3777
0.5567
0.1504
0.5142
0.1989
0.4682
0.5815
0.2797
0.1683
0.3482
0.3238
0.4055
0.4326
0.3617
0.3011
0.4300
0.5375
0.1910
0.3047
0.2473
0.6460
0.3288
0.1119
0.8514
0.0771
0.7143
0.6226
0.1485
0.0709
0.3829
0.5031
0.2558
0.6628
0.4140
0.5734
0.7043
0.6550
0.4105
0.4687
0.4279
0.4458
0.3684
0.5845
0.4729
0.3783
0.0648
0.3251
0.5274
0.5042
0.1784
0.4683
0.4488
0.4357
0.5129
0.4577
0.6861
0.0523
