10:59:45	2609.87	-0.10	0.00	19.39	0.75	100.00	212645032.97	WISI
10:59:30	2609.97	-0.09	0.00	19.49	0.75	100.00	212061354.75	WISI
10:59:15	2610.06	-0.30	-0.01	19.58	0.76	100.00	212036935.90	WISI
10:59:00	2610.36	-0.10	0.00	19.88	0.77	100.00	212010593.75	WISI
10:58:45	2610.46	0.04	0.00	19.98	0.77	100.00	208613086.89	WISI
10:58:30	2610.42	-0.27	-0.01	19.94	0.77	100.00	208562248.89	WISI
10:58:15	2610.69	-0.26	-0.01	20.21	0.78	100.00	208040195.64	WISI
10:58:00	2610.95	-0.12	0.00	20.47	0.79	100.00	207930158.49	WISI
10:57:45	2611.07	0.06	0.00	20.59	0.79	100.00	207583306.89	WISI
10:57:30	2611.01	0.22	0.01	20.53	0.79	100.00	207315902.29	WISI
10:57:15	2610.79	-0.57	-0.02	20.31	0.78	100.00	207240241.57	WISI
10:57:00	2611.36	0.04	0.00	20.88	0.81	100.00	206772528.64	WISI
10:56:45	2611.32	-0.08	0.00	20.84	0.80	100.00	206727294.62	WISI
10:56:30	2611.40	0.00	0.00	20.92	0.81	100.00	206398843.88	WISI
10:56:15	2611.40	0.00	0.00	20.92	0.81	100.00	206153790.71	WISI
10:58:00	2610.95	-0.12	0.00	20.47	0.79	100.00	207930158.49	WISI
10:57:45	2611.07	0.06	0.00	20.59	0.79	100.00	207583306.89	WISI
10:57:30	2611.01	0.22	0.01	20.53	0.79	100.00	207315902.29	WISI
10:57:15	2610.79	-0.57	-0.02	20.31	0.78	100.00	207240241.57	WISI
10:57:00	2611.36	0.04	0.00	20.88	0.81	100.00	206772528.64	WISI
10:56:45	2611.32	-0.08	0.00	20.84	0.80	100.00	206727294.62	WISI
10:56:30	2611.40	0.00	0.00	20.92	0.81	100.00	206398843.88	WISI
10:56:15	2611.40	0.00	0.00	20.92	0.81	100.00	206153790.71	WISI
10:56:00	2611.40	-0.12	0.00	20.92	0.81	100.00	205784685.12	WISI
10:55:45	2611.52	-1.30	-0.05	21.04	0.81	100.00	205479382.21	WISI
10:55:30	2612.82	0.34	0.01	22.34	0.86	100.00	205092048.81	WISI
10:55:15	2612.48	0.05	0.00	22.00	0.85	100.00	204610352.98	WISI
10:55:00	2612.43	-0.43	-0.02	21.95	0.85	100.00	204590102.98	WISI
10:54:45	2612.86	-0.41	-0.02	22.38	0.86	100.00	204500278.73	WISI
10:54:30	2613.27	0.35	0.01	22.79	0.88	100.00	204439041.23	WISI
10:54:15	2612.92	0.19	0.01	22.44	0.87	100.00	200019889.43	WISI
10:54:00	2612.73	-0.27	-0.01	22.25	0.86	100.00	199939269.58	WISI
10:53:45	2613.00	-0.18	-0.01	22.52	0.87	100.00	199501797.54	WISI
10:53:30	2613.18	-0.76	-0.03	22.70	0.88	100.00	198952554.31	WISI
10:53:15	2613.94	0.48	0.02	23.46	0.91	100.00	198761681.96	WISI
10:53:00	2613.46	-0.38	-0.01	22.98	0.89	100.00	198570291.81	WISI
10:52:45	2613.84	-0.02	0.00	23.36	0.90	100.00	198462672.46	WISI
10:52:30	2613.86	0.00	0.00	23.38	0.90	100.00	198434102.36	WISI
10:52:15	2613.86	-0.33	-0.01	23.38	0.90	100.00	198393799.64	WISI
10:52:00	2614.19	0.00	0.00	23.71	0.92	100.00	198162137.09	WISI
10:51:45	2614.19	0.25	0.01	23.71	0.92	100.00	198121138.13	WISI
10:51:30	2613.94	-0.15	-0.01	23.46	0.91	100.00	197998412.38	WISI
10:51:15	2614.09	-0.05	0.00	23.61	0.91	100.00	197905695.14	WISI
10:51:00	2614.14	0.11	0.00	23.66	0.91	100.00	197904186.64	WISI
10:50:45	2614.03	0.07	0.00	23.55	0.91	100.00	197880848.54	WISI
10:50:30	2613.96	0.54	0.02	23.48	0.91	100.00	197861922.54	WISI
10:50:15	2613.42	0.00	0.00	22.94	0.89	100.00	197521314.15	WISI
10:50:00	2613.42	-0.48	-0.02	22.94	0.89	100.00	197521314.15	WISI
10:49:45	2613.90	-0.64	-0.02	23.42	0.90	100.00	197266807.90	WISI
10:49:30	2614.54	0.15	0.01	24.06	0.93	100.00	197085343.31	WISI
10:49:15	2614.39	0.26	0.01	23.91	0.92	100.00	196965944.33	WISI
10:49:00	2614.13	0.72	0.03	23.65	0.91	100.00	196840374.38	WISI
10:48:45	2613.41	-0.24	-0.01	22.93	0.89	100.00	196018778.66	WISI
10:48:30	2613.65	0.19	0.01	23.17	0.89	100.00	195740386.54	WISI
10:48:15	2613.46	-0.07	0.00	22.98	0.89	100.00	195584342.66	WISI
10:48:00	2613.53	-0.01	0.00	23.05	0.89	100.00	195583444.66	WISI
10:47:45	2613.54	-0.15	-0.01	23.06	0.89	100.00	195499827.36	WISI
10:47:30	2613.69	0.00	0.00	23.21	0.90	100.00	195494175.36	WISI
10:47:15	2613.69	0.09	0.00	23.21	0.90	100.00	195494175.36	WISI
10:47:00	2613.60	0.16	0.01	23.12	0.89	100.00	195489946.96	WISI
10:46:45	2613.44	-0.34	-0.01	22.96	0.89	100.00	195099562.07	WISI
10:46:30	2613.78	0.00	0.00	23.30	0.90	100.00	195008629.02	WISI
10:46:15	2613.78	-0.38	-0.01	23.30	0.90	100.00	194976765.82	WISI
10:46:00	2614.16	0.33	0.01	23.68	0.91	100.00	194891523.26	WISI
10:45:45	2613.83	-0.21	-0.01	23.35	0.90	100.00	194163732.05	WISI
10:45:30	2614.04	0.09	0.00	23.56	0.91	100.00	194148677.73	WISI
10:45:15	2613.95	-0.04	0.00	23.47	0.91	100.00	193563792.59	WISI
10:45:00	2613.99	0.00	0.00	23.51	0.91	100.00	193022882.14	WISI
10:44:45	2613.99	0.09	0.00	23.51	0.91	100.00	193003474.99	WISI
10:44:30	2613.90	-0.21	-0.01	23.42	0.90	100.00	192647310.21	WISI
10:44:15	2614.11	0.00	0.00	23.63	0.91	100.00	192608855.61	WISI
10:44:00	2614.11	-0.16	-0.01	23.63	0.91	100.00	192518507.51	WISI
10:43:45	2614.27	0.37	0.01	23.79	0.92	100.00	192457442.20	WISI
10:43:30	2613.90	0.09	0.00	23.42	0.90	100.00	192376513.93	WISI
10:43:15	2613.81	-0.22	-0.01	23.33	0.90	100.00	192281417.23	WISI
10:43:00	2614.03	-0.21	-0.01	23.55	0.91	100.00	191524348.23	WISI
10:42:45	2614.24	-0.12	0.00	23.76	0.92	100.00	191478544.77	WISI
10:42:30	2614.36	-0.62	-0.02	23.88	0.92	100.00	191246825.80	WISI
10:42:15	2614.98	0.38	0.01	24.50	0.95	100.00	191101366.52	WISI
10:42:00	2614.60	-0.17	-0.01	24.12	0.93	100.00	190483789.51	WISI
10:41:45	2614.77	0.40	0.02	24.29	0.94	100.00	190100391.01	WISI
10:41:30	2614.37	-0.13	0.00	23.89	0.92	100.00	189599034.63	WISI
10:41:15	2614.50	0.07	0.00	24.02	0.93	100.00	189361295.45	WISI
10:41:00	2614.43	0.45	0.02	23.95	0.92	100.00	189041955.34	WISI
10:40:45	2613.98	0.89	0.03	23.50	0.91	100.00	188969441.66	WISI
10:40:30	2613.09	0.04	0.00	22.61	0.87	100.00	188371752.24	WISI
10:40:15	2613.05	0.09	0.00	22.57	0.87	100.00	188306545.64	WISI
10:40:00	2612.96	-0.26	-0.01	22.48	0.87	100.00	188269810.64	WISI
10:39:45	2613.22	-0.09	0.00	22.74	0.88	100.00	188130339.25	WISI
10:39:30	2613.31	0.00	0.00	22.83	0.88	100.00	187778895.49	WISI
10:39:15	2613.31	-0.18	-0.01	22.83	0.88	100.00	187586311.09	WISI
10:39:00	2613.49	-0.04	0.00	23.01	0.89	100.00	187097586.88	WISI
10:38:45	2613.53	0.18	0.01	23.05	0.89	100.00	184575693.85	WISI
10:38:30	2613.35	0.00	0.00	22.87	0.88	100.00	184570579.35	WISI
10:38:15	2613.35	-0.18	-0.01	22.87	0.88	100.00	184469323.35	WISI
10:38:00	2613.53	-0.26	-0.01	23.05	0.89	100.00	184425185.43	WISI
10:37:45	2613.79	0.09	0.00	23.31	0.90	100.00	184334406.63	WISI
10:37:30	2613.70	-0.04	0.00	23.22	0.90	100.00	184286971.93	WISI
10:37:15	2613.74	-0.91	-0.03	23.26	0.90	100.00	184200654.17	WISI
10:37:00	2614.65	0.84	0.03	24.17	0.93	100.00	184056431.17	WISI
10:36:45	2613.81	1.72	0.07	23.33	0.90	100.00	183413374.24	WISI
10:36:30	2612.09	0.12	0.00	21.61	0.83	100.00	182886749.10	WISI
10:36:15	2611.97	0.19	0.01	21.49	0.83	100.00	181990708.52	WISI
10:36:00	2611.78	-0.07	0.00	21.30	0.82	100.00	181886735.71	WISI
10:35:45	2611.85	0.10	0.00	21.37	0.82	100.00	181678215.71	WISI
10:35:30	2611.75	0.00	0.00	21.27	0.82	100.00	181626313.29	WISI
10:35:15	2611.75	-0.39	-0.01	21.27	0.82	100.00	181420808.49	WISI
10:35:00	2612.14	0.39	0.01	21.66	0.84	100.00	181040383.48	WISI
10:34:45	2611.75	0.00	0.00	21.27	0.82	100.00	181019243.70	WISI
10:34:30	2611.75	-0.13	0.00	21.27	0.82	100.00	181002093.70	WISI
10:34:15	2611.88	-0.10	0.00	21.40	0.83	100.00	180760401.24	WISI
10:34:00	2611.98	0.00	0.00	21.50	0.83	100.00	180715763.19	WISI
10:33:45	2611.98	-0.04	0.00	21.50	0.83	100.00	180472865.11	WISI
10:33:30	2612.02	0.21	0.01	21.54	0.83	100.00	180243227.79	WISI
10:33:15	2611.81	-0.35	-0.01	21.33	0.82	100.00	180187004.80	WISI
10:33:00	2612.16	0.21	0.01	21.68	0.84	100.00	180125266.30	WISI
10:32:45	2611.95	0.00	0.00	21.47	0.83	100.00	179089161.80	WISI
10:32:30	2611.95	-0.47	-0.02	21.47	0.83	100.00	179044798.70	WISI
10:32:15	2612.42	0.35	0.01	21.94	0.85	100.00	179037538.69	WISI
10:32:00	2612.07	0.09	0.00	21.59	0.83	100.00	178869701.79	WISI
10:31:45	2611.98	0.00	0.00	21.50	0.83	100.00	178774785.49	WISI
10:31:30	2611.98	0.13	0.00	21.50	0.83	100.00	178774785.49	WISI
10:31:15	2611.85	-0.27	-0.01	21.37	0.82	100.00	178668089.69	WISI
10:31:00	2612.12	-0.09	0.00	21.64	0.84	100.00	178640846.74	WISI
10:30:45	2612.21	0.39	0.01	21.73	0.84	100.00	178513401.74	WISI
10:30:30	2611.82	-0.09	0.00	21.34	0.82	100.00	178390230.02	WISI
10:30:15	2611.91	0.09	0.00	21.43	0.83	100.00	178377975.02	WISI
10:30:00	2611.82	-0.28	-0.01	21.34	0.82	100.00	178101622.11	WISI
10:29:45	2612.10	0.07	0.00	21.62	0.83	100.00	177926986.65	WISI
10:29:30	2612.03	-0.09	0.00	21.55	0.83	100.00	177860500.55	WISI
10:29:15	2612.12	0.00	0.00	21.64	0.84	100.00	177854408.90	WISI
10:29:00	2612.12	0.05	0.00	21.64	0.84	100.00	177848920.90	WISI
10:28:45	2612.07	-0.03	0.00	21.59	0.83	100.00	177846011.69	WISI
10:28:30	2612.10	0.04	0.00	21.62	0.83	100.00	176675190.19	WISI
10:28:15	2612.06	0.23	0.01	21.58	0.83	100.00	176544952.09	WISI
10:28:00	2611.83	0.09	0.00	21.35	0.82	100.00	176486791.29	WISI
10:27:45	2611.74	-0.08	0.00	21.26	0.82	100.00	176128973.37	WISI
10:27:30	2611.82	0.05	0.00	21.34	0.82	100.00	174413359.85	WISI
10:27:15	2611.77	0.00	0.00	21.29	0.82	100.00	174311510.13	WISI
10:27:00	2611.77	-0.22	-0.01	21.29	0.82	100.00	173736376.05	WISI
10:26:45	2611.99	-0.54	-0.02	21.51	0.83	100.00	173690478.75	WISI
10:26:30	2612.53	0.50	0.02	22.05	0.85	100.00	173587924.67	WISI
10:26:15	2612.03	-0.04	0.00	21.55	0.83	100.00	173490316.12	WISI
10:26:00	2612.07	0.04	0.00	21.59	0.83	100.00	173352240.87	WISI
10:25:45	2612.03	-0.09	0.00	21.55	0.83	100.00	171680188.80	WISI
10:25:30	2612.12	0.04	0.00	21.64	0.84	100.00	171474786.55	WISI
10:25:15	2612.08	-0.08	0.00	21.60	0.83	100.00	171402943.90	WISI
10:25:00	2612.16	-0.01	0.00	21.68	0.84	100.00	171349371.15	WISI
10:24:45	2612.17	0.00	0.00	21.69	0.84	100.00	171021862.95	WISI
10:24:30	2612.17	0.00	0.00	21.69	0.84	100.00	170880090.35	WISI
10:24:15	2612.17	-0.38	-0.01	21.69	0.84	100.00	170655672.50	WISI
10:24:00	2612.55	0.26	0.01	22.07	0.85	100.00	170555845.64	WISI
10:23:45	2612.29	-0.83	-0.03	21.81	0.84	100.00	170163253.11	WISI
10:23:30	2613.12	-0.04	0.00	22.64	0.87	100.00	168774292.76	WISI
10:23:15	2613.16	-0.01	0.00	22.68	0.88	100.00	168620445.56	WISI
10:23:00	2613.17	-0.54	-0.02	22.69	0.88	100.00	164263416.56	WISI
10:22:45	2613.71	-0.19	-0.01	23.23	0.90	100.00	164107787.74	WISI
10:22:30	2613.90	-0.39	-0.01	23.42	0.90	100.00	163946330.49	WISI
10:22:15	2614.29	0.06	0.00	23.81	0.92	100.00	163905918.12	WISI
10:22:00	2614.23	0.14	0.01	23.75	0.92	100.00	163715772.99	WISI
10:21:45	2614.09	-0.02	0.00	23.61	0.91	100.00	163351484.65	WISI
10:21:30	2614.11	-0.08	0.00	23.63	0.91	100.00	163333163.23	WISI
10:21:15	2614.19	0.00	0.00	23.71	0.92	100.00	163114779.93	WISI
10:21:00	2614.19	-0.05	0.00	23.71	0.92	100.00	161703853.93	WISI
10:20:45	2614.24	-0.31	-0.01	23.76	0.92	100.00	161481139.73	WISI
10:20:30	2614.55	0.00	0.00	24.07	0.93	100.00	161136032.18	WISI
10:20:15	2614.55	0.34	0.01	24.07	0.93	100.00	161030093.39	WISI
10:20:00	2614.21	-0.30	-0.01	23.73	0.92	100.00	160871360.23	WISI
10:19:45	2614.51	0.00	0.00	24.03	0.93	100.00	160852307.53	WISI
10:19:30	2614.51	0.05	0.00	24.03	0.93	100.00	160852307.53	WISI
10:19:15	2614.46	-0.35	-0.01	23.98	0.93	100.00	160795338.61	WISI
10:19:00	2614.81	-0.26	-0.01	24.33	0.94	100.00	160527274.70	WISI
10:18:45	2615.07	0.00	0.00	24.59	0.95	100.00	160501256.70	WISI
10:18:30	2615.07	0.00	0.00	24.59	0.95	100.00	160501256.70	WISI
10:18:15	2615.07	-0.22	-0.01	24.59	0.95	100.00	160434846.93	WISI
10:18:00	2615.29	0.29	0.01	24.81	0.96	100.00	160419603.93	WISI
10:17:45	2615.00	-0.06	0.00	24.52	0.95	100.00	160419510.98	WISI
10:17:30	2615.06	-0.09	0.00	24.58	0.95	100.00	160412054.98	WISI
10:17:15	2615.15	-0.27	-0.01	24.67	0.95	100.00	160165979.41	WISI
10:17:00	2615.42	0.15	0.01	24.94	0.96	100.00	160144527.91	WISI
10:16:45	2615.27	0.64	0.02	24.79	0.96	100.00	160021488.41	WISI
10:16:30	2614.63	0.46	0.02	24.15	0.93	100.00	159531972.21	WISI
10:16:15	2614.17	-0.28	-0.01	23.69	0.91	100.00	159407312.48	WISI
10:16:00	2614.45	-0.18	-0.01	23.97	0.93	100.00	159347443.10	WISI
10:15:45	2614.63	-0.11	0.00	24.15	0.93	100.00	159303259.65	WISI
10:15:30	2614.74	0.11	0.00	24.26	0.94	100.00	159240280.94	WISI
10:15:15	2614.63	-0.01	0.00	24.15	0.93	100.00	159037969.16	WISI
10:15:00	2614.64	-0.38	-0.01	24.16	0.93	100.00	159002126.16	WISI
10:14:45	2615.02	0.07	0.00	24.54	0.95	100.00	159001770.44	WISI
10:14:30	2614.95	-0.16	-0.01	24.47	0.94	100.00	158970673.34	WISI
10:14:15	2615.11	0.89	0.03	24.63	0.95	100.00	158782949.89	WISI
10:14:00	2614.22	0.34	0.01	23.74	0.92	100.00	158029217.50	WISI
10:13:45	2613.88	-0.23	-0.01	23.40	0.90	100.00	157819281.83	WISI
10:13:30	2614.11	0.00	0.00	23.63	0.91	100.00	157726399.48	WISI
10:13:15	2614.11	-0.04	0.00	23.63	0.91	100.00	157630732.48	WISI
10:13:00	2614.15	0.05	0.00	23.67	0.91	100.00	157597755.48	WISI
10:12:45	2614.10	-0.34	-0.01	23.62	0.91	100.00	157471224.38	WISI
10:12:30	2614.44	-0.09	0.00	23.96	0.92	100.00	157185013.91	WISI
10:12:15	2614.53	-0.28	-0.01	24.05	0.93	100.00	157118958.22	WISI
10:12:00	2614.81	-0.19	-0.01	24.33	0.94	100.00	157011955.57	WISI
10:11:45	2615.00	-0.27	-0.01	24.52	0.95	100.00	156827661.25	WISI
10:11:30	2615.27	0.00	0.00	24.79	0.96	100.00	156030484.40	WISI
10:11:15	2615.27	-0.36	-0.01	24.79	0.96	100.00	156030484.40	WISI
10:11:00	2615.63	-0.62	-0.02	25.15	0.97	100.00	155748021.60	WISI
10:10:45	2616.25	-0.47	-0.02	25.77	0.99	100.00	155581710.52	WISI
10:10:30	2616.72	0.04	0.00	26.24	1.01	100.00	155493073.46	WISI
10:10:15	2616.68	-0.43	-0.02	26.20	1.01	100.00	155354600.04	WISI
10:10:00	2617.11	-0.26	-0.01	26.63	1.03	100.00	155183833.34	WISI
10:09:45	2617.37	0.46	0.02	26.89	1.04	100.00	155114060.54	WISI
10:09:30	2616.91	0.18	0.01	26.43	1.02	100.00	154954013.05	WISI
10:09:15	2616.73	-0.05	0.00	26.25	1.01	100.00	154598339.19	WISI
10:09:00	2616.78	0.29	0.01	26.30	1.02	100.00	154552102.14	WISI
10:08:45	2616.49	0.09	0.00	26.01	1.00	100.00	154473430.93	WISI
10:08:30	2616.40	-0.30	-0.01	25.92	1.00	100.00	154396160.53	WISI
10:08:15	2616.70	-0.19	-0.01	26.22	1.01	100.00	154188404.53	WISI
10:08:00	2616.89	0.00	0.00	26.41	1.02	100.00	153654244.87	WISI
10:07:45	2616.89	0.06	0.00	26.41	1.02	100.00	153608423.51	WISI
10:07:30	2616.83	-0.39	-0.01	26.35	1.02	100.00	153590261.93	WISI
10:07:15	2617.22	0.00	0.00	26.74	1.03	100.00	153589874.38	WISI
10:07:00	2617.22	-0.20	-0.01	26.74	1.03	100.00	153534468.09	WISI
10:06:45	2617.42	0.47	0.02	26.94	1.04	100.00	153413886.94	WISI
10:06:30	2616.95	-0.04	0.00	26.47	1.02	100.00	153166582.09	WISI
10:06:15	2616.99	0.09	0.00	26.51	1.02	100.00	153143022.09	WISI
10:06:00	2616.90	0.04	0.00	26.42	1.02	100.00	153141916.44	WISI
10:05:45	2616.86	0.13	0.00	26.38	1.02	100.00	153058762.76	WISI
10:05:30	2616.73	-0.09	0.00	26.25	1.01	100.00	152936527.65	WISI
10:05:15	2616.82	-0.03	0.00	26.34	1.02	100.00	152843936.20	WISI
10:05:00	2616.85	0.08	0.00	26.37	1.02	100.00	152723419.20	WISI
10:04:45	2616.77	-0.14	-0.01	26.29	1.01	100.00	152397975.66	WISI
10:04:30	2616.91	-0.06	0.00	26.43	1.02	100.00	152185427.88	WISI
10:04:15	2616.97	0.10	0.00	26.49	1.02	100.00	152032481.28	WISI
10:04:00	2616.87	0.18	0.01	26.39	1.02	100.00	151909033.66	WISI
10:03:45	2616.69	0.00	0.00	26.21	1.01	100.00	151449889.17	WISI
10:03:30	2616.69	0.05	0.00	26.21	1.01	100.00	151448027.17	WISI
10:03:15	2616.64	0.00	0.00	26.16	1.01	100.00	151440566.37	WISI
10:03:00	2616.64	-0.09	0.00	26.16	1.01	100.00	151434872.07	WISI
10:02:45	2616.73	0.07	0.00	26.25	1.01	100.00	151411494.27	WISI
10:02:30	2616.66	-0.09	0.00	26.18	1.01	100.00	151378513.62	WISI
10:02:15	2616.75	-0.07	0.00	26.27	1.01	100.00	151277009.22	WISI
10:02:00	2616.82	0.29	0.01	26.34	1.02	100.00	150899899.67	WISI
10:01:45	2616.53	0.00	0.00	26.05	1.01	100.00	150820726.95	WISI
10:01:30	2616.53	0.00	0.00	26.05	1.01	100.00	150820726.95	WISI
10:01:15	2616.53	-0.69	-0.03	26.05	1.01	100.00	150785846.20	WISI
10:01:00	2617.22	0.29	0.01	26.74	1.03	100.00	150667867.84	WISI
10:00:45	2616.93	-0.27	-0.01	26.45	1.02	100.00	150521439.36	WISI
10:00:30	2617.20	-0.04	0.00	26.72	1.03	100.00	150328155.06	WISI
10:00:15	2617.24	0.30	0.01	26.76	1.03	100.00	149730407.82	WISI
10:00:00	2616.94	0.03	0.00	26.46	1.02	100.00	148619111.00	WISI
09:59:45	2616.91	-0.21	-0.01	26.43	1.02	100.00	147861909.82	WISI
09:59:30	2617.12	0.01	0.00	26.64	1.03	100.00	147624995.62	WISI
09:59:15	2617.11	0.00	0.00	26.63	1.03	100.00	147561256.30	WISI
09:59:00	2617.11	-0.39	-0.01	26.63	1.03	100.00	147491069.90	WISI
09:58:45	2617.50	0.18	0.01	27.02	1.04	100.00	147243324.57	WISI
09:58:30	2617.32	-0.25	-0.01	26.84	1.04	100.00	147008935.07	WISI
09:58:15	2617.57	-0.01	0.00	27.09	1.05	100.00	146529227.18	WISI
09:58:00	2617.58	0.31	0.01	27.10	1.05	100.00	146327566.78	WISI
09:57:45	2617.27	-0.01	0.00	26.79	1.03	100.00	146076592.23	WISI
09:57:30	2617.28	0.26	0.01	26.80	1.03	100.00	146033976.90	WISI
09:57:15	2617.02	0.09	0.00	26.54	1.02	100.00	145984993.00	WISI
09:57:00	2616.93	0.05	0.00	26.45	1.02	100.00	144783153.49	WISI
09:56:45	2616.88	0.09	0.00	26.40	1.02	100.00	144710571.59	WISI
09:56:30	2616.79	-0.09	0.00	26.31	1.02	100.00	141369021.29	WISI
09:56:15	2616.88	-0.25	-0.01	26.40	1.02	100.00	141326239.04	WISI
09:56:00	2617.13	-0.04	0.00	26.65	1.03	100.00	141286071.64	WISI
09:55:45	2617.17	-0.18	-0.01	26.69	1.03	100.00	141281486.79	WISI
09:55:30	2617.35	0.09	0.00	26.87	1.04	100.00	141195078.39	WISI
09:55:15	2617.26	-0.54	-0.02	26.78	1.03	100.00	141144557.39	WISI
09:55:00	2617.80	-0.03	0.00	27.32	1.05	100.00	140969933.69	WISI
09:54:45	2617.83	-0.30	-0.01	27.35	1.06	100.00	140587508.14	WISI
09:54:30	2618.13	0.09	0.00	27.65	1.07	100.00	140487252.49	WISI
09:54:15	2618.04	0.16	0.01	27.56	1.06	100.00	139933573.41	WISI
09:54:00	2617.88	0.19	0.01	27.40	1.06	100.00	139841524.31	WISI
09:53:45	2617.69	0.27	0.01	27.21	1.05	100.00	139754661.85	WISI
09:53:30	2617.42	0.14	0.01	26.94	1.04	100.00	139385290.86	WISI
09:53:15	2617.28	-0.45	-0.02	26.80	1.03	100.00	138626267.86	WISI
09:53:00	2617.73	0.09	0.00	27.25	1.05	100.00	138336598.50	WISI
09:52:45	2617.64	0.79	0.03	27.16	1.05	100.00	137985919.18	WISI
09:52:30	2616.85	0.00	0.00	26.37	1.02	100.00	137226875.10	WISI
09:52:15	2616.85	0.74	0.03	26.37	1.02	100.00	137226875.10	WISI
09:52:00	2616.11	-0.08	0.00	25.63	0.99	100.00	133164775.47	WISI
09:51:45	2616.19	-0.17	-0.01	25.71	0.99	100.00	133036667.99	WISI
09:51:30	2616.36	0.09	0.00	25.88	1.00	100.00	132918448.40	WISI
09:51:15	2616.27	-0.18	-0.01	25.79	1.00	100.00	132825787.87	WISI
09:51:00	2616.45	-0.14	-0.01	25.97	1.00	100.00	132810389.65	WISI
09:50:45	2616.59	-0.10	0.00	26.11	1.01	100.00	132768416.74	WISI
09:50:30	2616.69	-0.16	-0.01	26.21	1.01	100.00	132682998.89	WISI
09:50:15	2616.85	0.31	0.01	26.37	1.02	100.00	132576613.51	WISI
09:50:00	2616.54	-0.31	-0.01	26.06	1.01	100.00	132432591.02	WISI
09:49:45	2616.85	0.25	0.01	26.37	1.02	100.00	132314760.62	WISI
09:49:30	2616.60	0.07	0.00	26.12	1.01	100.00	131992145.52	WISI
09:49:15	2616.53	0.10	0.00	26.05	1.01	100.00	131159645.52	WISI
09:49:00	2616.43	0.30	0.01	25.95	1.00	100.00	129941989.92	WISI
09:48:45	2616.13	-0.29	-0.01	25.65	0.99	100.00	128674647.62	WISI
09:48:30	2616.42	0.10	0.00	25.94	1.00	100.00	128219026.56	WISI
09:48:15	2616.32	0.47	0.02	25.84	1.00	100.00	128067820.57	WISI
09:48:00	2615.85	0.48	0.02	25.37	0.98	100.00	127942867.41	WISI
09:47:45	2615.37	0.28	0.01	24.89	0.96	100.00	127771717.07	WISI
09:47:30	2615.09	-0.11	0.00	24.61	0.95	100.00	127439612.15	WISI
09:47:15	2615.20	0.00	0.00	24.72	0.95	100.00	127196587.86	WISI
09:47:00	2615.20	-1.05	-0.04	24.72	0.95	100.00	127195505.86	WISI
09:46:45	2616.25	-0.15	-0.01	25.77	0.99	100.00	127037386.86	WISI
09:46:30	2616.40	0.22	0.01	25.92	1.00	100.00	126926248.85	WISI
09:46:15	2616.18	-0.26	-0.01	25.70	0.99	100.00	126647297.20	WISI
09:46:00	2616.44	-0.25	-0.01	25.96	1.00	100.00	126256236.13	WISI
09:45:45	2616.69	0.27	0.01	26.21	1.01	100.00	125841541.53	WISI
09:45:30	2616.42	-0.07	0.00	25.94	1.00	100.00	125105598.48	WISI
09:45:15	2616.49	-2.18	-0.08	26.01	1.00	100.00	124743080.16	WISI
09:45:00	2618.67	0.00	0.00	28.19	1.09	100.00	123751508.56	WISI
09:44:45	2618.67	0.28	0.01	28.19	1.09	100.00	123750568.56	WISI
09:44:30	2618.39	-0.17	-0.01	27.91	1.08	100.00	123503722.81	WISI
09:44:15	2618.56	-1.16	-0.04	28.08	1.08	100.00	123286477.51	WISI
09:44:00	2619.72	-0.28	-0.01	29.24	1.13	100.00	119924994.19	WISI
09:43:45	2620.00	-0.39	-0.01	29.52	1.14	100.00	119222247.90	WISI
09:43:30	2620.39	0.35	0.01	29.91	1.15	100.00	118920017.55	WISI
09:43:15	2620.04	0.05	0.00	29.56	1.14	100.00	118556776.20	WISI
09:43:00	2619.99	0.09	0.00	29.51	1.14	100.00	118524163.73	WISI
09:42:45	2619.90	0.09	0.00	29.42	1.14	100.00	118474281.73	WISI
09:42:30	2619.81	0.53	0.02	29.33	1.13	100.00	118373447.63	WISI
09:42:15	2619.28	0.00	0.00	28.80	1.11	100.00	118293162.52	WISI
09:42:00	2619.28	0.00	0.00	28.80	1.11	100.00	118237132.14	WISI
09:41:45	2619.28	-0.02	0.00	28.80	1.11	100.00	118232402.74	WISI
09:41:30	2619.30	-0.01	0.00	28.82	1.11	100.00	118191676.44	WISI
09:41:15	2619.31	0.14	0.01	28.83	1.11	100.00	117991057.82	WISI
09:41:00	2619.17	0.05	0.00	28.69	1.11	100.00	117889539.42	WISI
09:40:45	2619.12	0.00	0.00	28.64	1.11	100.00	117278950.21	WISI
09:40:30	2619.12	0.00	0.00	28.64	1.11	100.00	117211887.73	WISI
09:40:15	2619.12	0.00	0.00	28.64	1.11	100.00	117211887.73	WISI
09:40:00	2619.12	0.00	0.00	28.64	1.11	100.00	117138792.54	WISI
09:39:45	2619.12	-0.60	-0.02	28.64	1.11	100.00	117136128.39	WISI
09:39:30	2619.72	0.13	0.00	29.24	1.13	100.00	116935090.34	WISI
09:39:15	2619.59	1.11	0.04	29.11	1.12	100.00	116829916.83	WISI
09:39:00	2618.48	-0.04	0.00	28.00	1.08	100.00	116669523.86	WISI
09:38:45	2618.52	0.30	0.01	28.04	1.08	100.00	116604426.76	WISI
09:38:30	2618.22	-1.12	-0.04	27.74	1.07	100.00	116097000.20	WISI
09:38:15	2619.34	0.60	0.02	28.86	1.11	100.00	115532884.07	WISI
09:38:00	2618.74	-0.27	-0.01	28.26	1.09	100.00	115299033.66	WISI
09:37:45	2619.01	-1.23	-0.05	28.53	1.10	100.00	115234365.51	WISI
09:37:30	2620.24	0.53	0.02	29.76	1.15	100.00	114943117.20	WISI
09:37:15	2619.71	0.28	0.01	29.23	1.13	100.00	114782530.40	WISI
09:37:00	2619.43	0.65	0.02	28.95	1.12	100.00	113948134.17	WISI
09:36:45	2618.78	0.29	0.01	28.30	1.09	100.00	113395695.37	WISI
09:36:30	2618.49	-0.09	0.00	28.01	1.08	100.00	113156477.82	WISI
09:36:15	2618.58	0.65	0.02	28.10	1.08	100.00	112748592.60	WISI
09:36:00	2617.93	0.43	0.02	27.45	1.06	100.00	111334754.16	WISI
09:35:45	2617.50	0.16	0.01	27.02	1.04	100.00	110825166.36	WISI
09:35:30	2617.34	0.00	0.00	26.86	1.04	100.00	110748180.21	WISI
09:35:15	2617.34	0.19	0.01	26.86	1.04	100.00	110708931.47	WISI
09:35:00	2617.15	0.04	0.00	26.67	1.03	100.00	110613168.93	WISI
09:34:45	2617.11	-0.10	0.00	26.63	1.03	100.00	110516022.27	WISI
09:34:30	2617.21	-0.51	-0.02	26.73	1.03	100.00	110429621.97	WISI
09:34:15	2617.72	0.01	0.00	27.24	1.05	100.00	110191280.52	WISI
09:34:00	2617.71	-0.28	-0.01	27.23	1.05	100.00	110140328.47	WISI
09:33:45	2617.99	-0.42	-0.02	27.51	1.06	100.00	110025190.34	WISI
09:33:30	2618.41	0.00	0.00	27.93	1.08	100.00	109799309.00	WISI
09:33:15	2618.41	-0.45	-0.02	27.93	1.08	100.00	109599595.45	WISI
09:33:00	2618.86	0.00	0.00	28.38	1.10	100.00	105281801.39	WISI
09:32:45	2618.86	-0.33	-0.01	28.38	1.10	100.00	105269797.29	WISI
09:32:30	2619.19	-0.15	-0.01	28.71	1.11	100.00	105028312.19	WISI
09:32:15	2619.34	0.00	0.00	28.86	1.11	100.00	105023174.69	WISI
09:32:00	2619.34	-0.09	0.00	28.86	1.11	100.00	104799222.35	WISI
09:31:45	2619.43	-0.45	-0.02	28.95	1.12	100.00	103445411.44	WISI
09:31:30	2619.88	-0.26	-0.01	29.40	1.13	100.00	103020142.24	WISI
09:31:15	2620.14	-0.19	-0.01	29.66	1.14	100.00	102226358.59	WISI
09:31:00	2620.33	0.11	0.00	29.85	1.15	100.00	100716642.74	WISI
09:30:45	2620.22	-0.02	0.00	29.74	1.15	100.00	100625047.24	WISI
09:30:30	2620.24	-0.17	-0.01	29.76	1.15	100.00	100446621.41	WISI
09:30:15	2620.41	0.50	0.02	29.93	1.16	100.00	100418273.68	WISI
09:30:00	2619.91	-0.27	-0.01	29.43	1.14	100.00	100198247.18	WISI
09:29:45	2620.18	0.11	0.00	29.70	1.15	100.00	100064279.66	WISI
09:29:30	2620.07	0.00	0.00	29.59	1.14	100.00	99197899.70	WISI
09:29:15	2620.07	-0.02	0.00	29.59	1.14	100.00	98532456.68	WISI
09:29:00	2620.09	-0.17	-0.01	29.61	1.14	100.00	98368901.43	WISI
09:28:45	2620.26	-0.09	0.00	29.78	1.15	100.00	97953117.43	WISI
09:28:30	2620.35	-0.34	-0.01	29.87	1.15	100.00	97842013.23	WISI
09:28:15	2620.69	-0.11	0.00	30.21	1.17	100.00	97682219.03	WISI
09:28:00	2620.80	-0.03	0.00	30.32	1.17	100.00	97280217.73	WISI
09:27:45	2620.83	0.73	0.03	30.35	1.17	100.00	97037706.44	WISI
09:27:30	2620.10	-0.16	-0.01	29.62	1.14	100.00	96756793.14	WISI
09:27:15	2620.26	-0.34	-0.01	29.78	1.15	100.00	96425372.53	WISI
09:27:00	2620.60	-0.18	-0.01	30.12	1.16	100.00	96291737.53	WISI
09:26:45	2620.78	0.00	0.00	30.30	1.17	100.00	96219676.78	WISI
09:26:30	2620.78	0.03	0.00	30.30	1.17	100.00	96042748.68	WISI
09:26:15	2620.75	0.67	0.03	30.27	1.17	100.00	95729849.80	WISI
09:26:00	2620.08	-0.56	-0.02	29.60	1.14	100.00	95395514.09	WISI
09:25:45	2620.64	-0.22	-0.01	30.16	1.16	100.00	95025085.23	WISI
09:25:30	2620.86	0.57	0.02	30.38	1.17	100.00	94670754.00	WISI
09:25:15	2620.29	-0.22	-0.01	29.81	1.15	100.00	94659258.90	WISI
09:25:00	2620.51	-0.01	0.00	30.03	1.16	100.00	94185870.60	WISI
09:24:45	2620.52	-0.35	-0.01	30.04	1.16	100.00	94183536.38	WISI
09:24:30	2620.87	-0.13	0.00	30.39	1.17	100.00	94131543.53	WISI
09:24:15	2621.00	-0.17	-0.01	30.52	1.18	100.00	94111009.58	WISI
09:24:00	2621.17	-0.67	-0.03	30.69	1.18	100.00	93967273.35	WISI
09:23:45	2621.84	-0.06	0.00	31.36	1.21	100.00	93896018.53	WISI
09:23:30	2621.90	0.04	0.00	31.42	1.21	100.00	93876159.18	WISI
09:23:15	2621.86	-0.19	-0.01	31.38	1.21	100.00	93716064.91	WISI
09:23:00	2622.05	0.18	0.01	31.57	1.22	100.00	89348648.26	WISI
09:22:45	2621.87	-0.19	-0.01	31.39	1.21	100.00	85166285.31	WISI
09:22:30	2622.06	-0.41	-0.02	31.58	1.22	100.00	85091818.27	WISI
09:22:15	2622.47	0.41	0.02	31.99	1.23	100.00	85048112.62	WISI
09:22:00	2622.06	0.14	0.01	31.58	1.22	100.00	84801177.41	WISI
09:21:45	2621.92	-0.13	0.00	31.44	1.21	100.00	84763302.71	WISI
09:21:30	2622.05	0.09	0.00	31.57	1.22	100.00	84747609.90	WISI
09:21:15	2621.96	0.69	0.03	31.48	1.22	100.00	84604353.26	WISI
09:21:00	2621.27	0.37	0.01	30.79	1.19	100.00	84209669.60	WISI
09:20:45	2620.90	0.30	0.01	30.42	1.17	100.00	83821150.03	WISI
09:20:30	2620.60	-0.02	0.00	30.12	1.16	100.00	83511208.43	WISI
09:20:15	2620.62	0.50	0.02	30.14	1.16	100.00	83148839.31	WISI
09:20:00	2620.12	-0.30	-0.01	29.64	1.14	100.00	83010925.76	WISI
09:19:45	2620.42	-0.10	0.00	29.94	1.16	100.00	82852021.38	WISI
09:19:30	2620.52	-0.42	-0.02	30.04	1.16	100.00	82754086.08	WISI
09:19:15	2620.94	-0.87	-0.03	30.46	1.18	100.00	81695839.48	WISI
09:19:00	2621.81	-0.69	-0.03	31.33	1.21	100.00	75232455.44	WISI
09:18:45	2622.50	0.31	0.01	32.02	1.24	100.00	74683009.87	WISI
09:18:30	2622.19	-0.69	-0.03	31.71	1.22	100.00	73929821.60	WISI
09:18:15	2622.88	0.18	0.01	32.40	1.25	100.00	73133431.92	WISI
09:18:00	2622.70	-0.07	0.00	32.22	1.24	100.00	72870626.42	WISI
09:17:45	2622.77	-0.67	-0.03	32.29	1.25	100.00	72799425.82	WISI
09:17:30	2623.44	-0.52	-0.02	32.96	1.27	100.00	72312136.29	WISI
09:17:15	2623.96	0.12	0.00	33.48	1.29	100.00	71804250.24	WISI
09:17:00	2623.84	-0.03	0.00	33.36	1.29	100.00	68225993.32	WISI
09:16:45	2623.87	0.31	0.01	33.39	1.29	100.00	67945285.15	WISI
09:16:30	2623.56	0.10	0.00	33.08	1.28	100.00	67458742.02	WISI
09:16:15	2623.46	-0.09	0.00	32.98	1.27	100.00	67052591.21	WISI
09:16:00	2623.55	-0.44	-0.02	33.07	1.28	100.00	66747417.31	WISI
09:15:45	2623.99	-0.35	-0.01	33.51	1.29	100.00	65660723.98	WISI
09:15:30	2624.34	-0.54	-0.02	33.86	1.31	100.00	65017749.28	WISI
09:15:15	2624.88	0.25	0.01	34.40	1.33	100.00	64927952.86	WISI
09:15:00	2624.63	-0.47	-0.02	34.15	1.32	100.00	59398832.75	WISI
09:14:45	2625.10	0.45	0.02	34.62	1.34	100.00	58918249.56	WISI
09:14:30	2624.65	0.20	0.01	34.17	1.32	100.00	52420886.96	WISI
09:14:15	2624.45	-0.84	-0.03	33.97	1.31	100.00	52197790.39	WISI
09:14:00	2625.29	0.40	0.02	34.81	1.34	100.00	51757625.33	WISI
09:13:45	2624.89	-0.04	0.00	34.41	1.33	100.00	50417788.90	WISI
09:13:30	2624.93	-0.90	-0.03	34.45	1.33	100.00	50027435.91	WISI
09:13:15	2625.83	1.06	0.04	35.35	1.36	100.00	49835145.65	WISI
09:13:00	2624.77	-0.37	-0.01	34.29	1.32	100.00	49272344.34	WISI
09:12:45	2625.14	-0.20	-0.01	34.66	1.34	100.00	49128377.00	WISI
09:12:30	2625.34	0.47	0.02	34.86	1.35	100.00	48796832.85	WISI
09:12:15	2624.87	0.53	0.02	34.39	1.33	100.00	48541875.74	WISI
09:12:00	2624.34	-0.94	-0.04	33.86	1.31	100.00	48398082.19	WISI
09:11:45	2625.28	1.40	0.05	34.80	1.34	100.00	48203129.29	WISI
09:11:30	2623.88	-0.36	-0.01	33.40	1.29	100.00	47152370.78	WISI
09:11:15	2624.24	-0.53	-0.02	33.76	1.30	100.00	42031307.26	WISI
09:11:00	2624.77	0.15	0.01	34.29	1.32	100.00	41677211.02	WISI
09:10:45	2624.62	-0.11	0.00	34.14	1.32	100.00	41623561.74	WISI
09:10:30	2624.73	0.05	0.00	34.25	1.32	100.00	41046850.62	WISI
09:10:15	2624.68	0.55	0.02	34.20	1.32	100.00	40434590.32	WISI
09:10:00	2624.13	0.01	0.00	33.65	1.30	100.00	39651896.21	WISI
09:09:45	2624.12	0.25	0.01	33.64	1.30	100.00	39315662.45	WISI
09:09:30	2623.87	0.33	0.01	33.39	1.29	100.00	38671736.04	WISI
09:09:15	2623.54	0.26	0.01	33.06	1.28	100.00	37650884.49	WISI
09:09:00	2623.28	-0.06	0.00	32.80	1.27	100.00	37381532.97	WISI
09:08:45	2623.34	-0.07	0.00	32.86	1.27	100.00	36952767.92	WISI
09:08:30	2623.41	0.07	0.00	32.93	1.27	100.00	36483030.01	WISI
09:08:15	2623.34	-0.24	-0.01	32.86	1.27	100.00	36336910.11	WISI
09:08:00	2623.58	0.94	0.04	33.10	1.28	100.00	36050783.23	WISI
09:07:45	2622.64	-0.30	-0.01	32.16	1.24	100.00	35659553.99	WISI
09:07:30	2622.94	-0.25	-0.01	32.46	1.25	100.00	35198069.74	WISI
09:07:15	2623.19	0.21	0.01	32.71	1.26	100.00	34800800.49	WISI
09:07:00	2622.98	0.56	0.02	32.50	1.25	100.00	34257842.01	WISI
09:06:45	2622.42	-0.15	-0.01	31.94	1.23	100.00	34076004.55	WISI
09:06:30	2622.57	0.13	0.00	32.09	1.24	100.00	33017847.33	WISI
09:06:15	2622.44	-1.15	-0.04	31.96	1.23	100.00	32507105.03	WISI
09:06:00	2623.59	0.41	0.02	33.11	1.28	100.00	31856730.88	WISI
09:05:45	2623.18	0.89	0.03	32.70	1.26	100.00	30696922.42	WISI
09:05:30	2622.29	-0.45	-0.02	31.81	1.23	100.00	30379101.23	WISI
09:05:15	2622.74	-1.77	-0.07	32.26	1.25	100.00	30156638.23	WISI
09:05:00	2624.51	-0.43	-0.02	34.03	1.31	100.00	29322919.45	WISI
09:04:45	2624.94	0.22	0.01	34.46	1.33	100.00	28547120.63	WISI
09:04:30	2624.72	0.10	0.00	34.24	1.32	100.00	27834917.07	WISI
09:04:15	2624.62	-0.22	-0.01	34.14	1.32	100.00	27116292.91	WISI
09:04:00	2624.84	-0.22	-0.01	34.36	1.33	100.00	26654012.86	WISI
09:03:45	2625.06	0.09	0.00	34.58	1.33	100.00	26306796.86	WISI
09:03:30	2624.97	-0.02	0.00	34.49	1.33	100.00	26127769.70	WISI
09:03:15	2624.99	0.63	0.02	34.51	1.33	100.00	25767603.28	WISI
09:03:00	2624.36	1.01	0.04	33.88	1.31	100.00	25544078.76	WISI
09:02:45	2623.35	0.97	0.04	32.87	1.27	100.00	24261650.28	WISI
09:02:30	2622.38	0.42	0.02	31.90	1.23	100.00	23895412.87	WISI
09:02:15	2621.96	-0.19	-0.01	31.48	1.22	100.00	22992450.17	WISI
09:02:00	2622.15	0.91	0.03	31.67	1.22	100.00	22050992.64	WISI
09:01:45	2621.24	0.82	0.03	30.76	1.19	100.00	21386969.90	WISI
09:01:30	2620.42	1.11	0.04	29.94	1.16	100.00	20030447.07	WISI
09:01:15	2619.31	-0.63	-0.02	28.83	1.11	100.00	19115739.95	WISI
09:01:00	2619.94	0.00	0.00	29.46	1.14	100.00	17204652.86	WISI
09:01:00	2619.94	0.00	0.00	29.46	1.14	100.00	17204652.86	WISI
09:01:00	2619.94	1.22	0.05	29.46	1.14	100.00	0.00	WISI
