23.80
15.78
23.96
24.07
22.81
19.78
23.86
23.39
22.72
17.63
22.18
24.76
23.20
20.23
26.65
25.99
25.87
21.45
25.77
26.43
25.14
21.29
24.52
25.62
26.01
21.88
25.85
26.86
25.45
19.78
25.07
26.10
19.45
23.16
25.01
20.45
20.57
22.18
24.26
20.77
18.25
20.80
23.45
20.33
21.55
24.60
26.89
24.42
21.07
25.09
25.84
23.11
23.23
23.94
25.71
22.25
21.08
23.99
26.66
22.79
21.51
23.91
29.25
20.59
23.25
17.44
23.47
22.75
22.26
16.36
22.55
22.50
22.50
16.55
22.61
25.21
25.13
21.80
27.14
25.14
26.36
21.37
24.34
25.76
24.51
21.63
24.52
24.79
25.27
20.44
24.83
25.06
25.66
20.84
23.85
27.12
19.48
19.83
22.87
20.50
18.35
20.47
23.61
20.31
18.11
21.13
24.62
22.61
23.57
25.00
25.77
25.24
20.97
23.37
25.78
23.61
20.35
22.86
25.43
23.39
21.73
23.79
26.98
23.23
21.45
24.93
27.29
21.51
22.43
16.15
22.42
22.70
23.21
18.10
22.83
22.18
21.46
17.07
24.80
24.75
28.86
22.50
29.08
24.90
24.55
21.11
24.71
25.06
25.24
21.06
23.95
25.77
24.46
20.50
25.50
24.63
25.28
20.39
25.77
25.91
16.77
21.77
23.10
20.23
17.33
20.92
22.71
20.31
19.80
21.00
24.25
27.01
22.52
29.48
26.26
26.31
20.71
23.46
25.31
23.60
21.07
24.66
25.17
23.19
21.31
24.11
26.20
23.16
20.22
24.45
26.14
20.97
22.57
16.72
23.45
22.09
22.75
16.85
20.64
22.04
21.69
19.74
27.59
25.08
30.67
22.88
27.79
25.36
23.81
20.98
24.60
24.07
25.71
21.38
25.46
24.67
22.74
19.96
25.19
23.86
25.26
19.92
25.59
26.48
16.73
20.23
23.11
20.56
18.67
20.33
22.31
19.21
19.11
20.75
27.05
26.53
22.39
28.75
25.97
24.17
21.55
22.32
24.62
23.04
21.86
24.65
25.09
23.74
21.31
23.67
25.85
23.31
20.69
25.28
26.91
22.96
21.22
16.89
22.10
22.59
21.07
18.35
21.37
22.42
21.68
23.54
23.48
26.84
29.41
23.18
25.61
24.33
24.06
20.40
24.71
24.30
26.18
20.54
26.34
24.15
23.49
20.30
24.70
23.63
26.02
19.88
25.72
25.81
18.17
21.05
24.11
20.64
18.48
21.21
23.14
19.44
20.92
20.78
28.17
23.02
24.38
25.37
25.62
21.11
22.23
23.74
24.74
23.86
21.87
25.85
25.03
23.87
21.05
24.13
25.75
21.83
21.62
23.69
26.03
23.45
22.29
17.86
22.13
20.55
22.54
17.35
22.15
22.00
21.70
21.35
22.27
28.12
23.09
20.66
23.17
25.26
24.44
21.82
24.53
24.92
25.50
21.24
26.68
24.55
25.88
18.64
23.96
24.07
24.96
18.97
24.39
24.67
18.25
21.67
22.51
19.81
18.74
20.48
23.44
19.71
19.77
20.18
26.39
20.43
22.34
21.25
24.65
22.06
22.06
22.73
25.84
23.36
22.34
25.71
25.17
24.45
21.12
23.45
22.76
22.29
19.91
23.25
25.64
21.05
22.65
16.79
21.83
21.20
21.44
17.75
21.35
22.05
21.41
17.55
21.86
23.54
22.49
19.63
25.56
23.75
23.78
21.11
24.08
25.83
25.47
20.64
24.69
24.79
25.30
20.95
24.18
23.87
25.19
16.99
24.42
24.73
18.04
20.82
22.65
19.53
17.57
21.02
22.41
19.79
18.46
20.73
23.27
19.69
19.33
23.69
24.86
25.30
21.60
24.03
25.02
23.57
21.37
24.36
26.56
23.37
22.54
22.53
24.82
22.51
18.98
23.73
24.72
21.66
20.65
16.71
22.12
22.31
21.48
16.20
22.00
21.33
21.78
17.99
22.04
21.47
26.81
19.80
29.94
23.65
26.60
20.03
25.17
24.34
25.70
20.73
24.44
25.69
23.03
20.20
23.58
23.67
23.71
18.56
24.21
25.43
17.88
21.28
23.35
20.16
18.46
21.02
22.69
20.46
17.84
20.18
23.41
21.46
20.04
29.50
24.53
28.81
21.10
25.84
25.18
22.99
21.05
22.98
26.55
23.69
21.05
23.22
25.04
23.34
20.58
23.26
24.25
22.11
22.67
16.08
20.98
21.01
22.08
17.38
21.35
21.09
21.56
16.73
22.20
22.77
29.11
20.30
31.55
25.29
30.47
21.28
26.99
23.57
24.38
20.60
24.86
24.35
24.74
21.77
25.60
24.67
24.29
17.21
25.36
24.69
16.38
20.23
20.84
20.22
17.87
20.03
21.00
17.85
17.78
20.82
24.55
24.45
21.34
30.39
25.06
30.07
22.76
29.35
25.05
25.02
20.95
24.24
24.89
22.91
22.78
24.77
25.83
23.08
20.02
24.22
23.70
24.78
21.43
15.55
19.64
21.15
21.57
16.58
21.21
21.94
21.41
21.91
24.30
25.53
31.45
20.36
31.98
24.30
31.41
23.18
29.88
24.11
26.19
20.88
24.95
23.71
24.49
20.36
25.12
25.47
26.07
19.65
25.05
21.76
17.16
19.55
22.47
18.43
17.02
20.90
21.70
19.28
22.02
21.72
27.21
26.45
20.24
30.82
23.89
28.51
24.04
31.87
25.14
27.44
20.48
26.28
25.78
22.85
21.05
23.80
25.80
23.21
21.31
23.81
24.11
19.80
22.51
15.08
21.86
21.40
21.13
16.27
21.55
21.64
21.64
26.02
27.15
25.32
32.63
20.00
30.65
23.88
31.83
22.92
31.95
24.22
30.12
19.87
26.32
24.70
23.34
20.70
23.68
24.03
22.46
19.51
22.81
23.64
15.48
20.16
23.74
19.55
17.84
21.19
22.96
18.67
26.35
23.05
28.76
28.76
19.81
29.83
25.02
28.94
22.55
30.72
26.07
30.23
20.12
29.52
24.60
24.25
20.81
22.36
25.73
21.62
20.73
21.68
24.48
20.18
21.26
15.91
19.75
20.41
21.91
16.23
20.79
28.20
23.54
25.87
29.72
26.84
32.79
19.78
32.65
23.56
31.26
21.93
31.16
24.69
31.69
19.03
25.43
23.21
22.29
20.16
22.38
24.03
22.24
20.12
21.57
22.54
14.75
21.35
21.61
19.62
16.46
21.36
26.30
20.34
27.62
23.66
29.12
28.72
22.72
31.34
24.37
29.07
21.74
29.99
26.51
29.27
20.59
27.69
23.91
22.61
20.36
21.85
24.15
18.58
19.81
20.69
23.94
18.70