x1	x2	x3	x4	x5	x6	y
2012917	32	8487882	10	2498298	12154024	379
2012917	195	3065947	9	2498034	12153951	422
2013583	133	5619845	5	2498746	12154391	473
2013500	133	5619845	5	2498746	12154391	548
2012833	5	3905684	5	2497937	12154245	431
2012667	71	217503	3	2496305	12151254	321
2012667	345	6234731	7	2497933	12153642	403
2013417	203	2876025	6	2498042	12154228	467
2013500	317	5512038	1	2495095	12148458	188
2013417	179	178318	3	2496731	12151486	221
2013083	348	4052134	1	2497349	12153372	414
2013333	63	9045606	9	2497433	1215431	581
2012917	13	4922313	5	2496515	12153737	393
2012667	204	2469645	4	2496108	12151046	238
2013500	132	1164838	4	2499156	12153406	343
2013583	357	5792083	2	249824	12154619	505
2013250	0	2929978	6	2497744	12154458	701
2012750	177	3508515	1	2497544	12153119	374
2013417	169	3681363	8	249675	12154451	423
2012667	15	2338284	7	2496772	12154102	477
2013417	45	2275877	3	2496314	12151151	293
2013417	105	2791726	7	2497528	12154541	516
2012917	147	1360139	1	2495204	12154842	246
2013083	101	2791726	7	2497528	12154541	479
2013000	396	4806977	4	2497353	12153885	388
2013083	293	1487868	2	2497542	12151726	27
2012667	31	3838624	5	2498085	12154391	562
2013250	104	276449	5	2495593	12153913	336
2013500	192	557478	4	2497419	12153797	47
2013083	71	4512438	5	2497563	12154694	571
2013500	259	451969	0	2494826	12149587	221
2012750	296	7694034	7	2498281	12153408	25
2012750	379	4885727	1	2497349	12153451	342
2013250	165	323655	6	2497841	12154281	493
2012750	154	205367	7	2498419	12154243	551
2013500	139	4079418	0	2501459	12151816	273
2012917	147	1935009	2	2496386	12151458	229
2013167	12	1360139	1	2495204	12154842	253
2012667	31	5779615	6	2497201	12154722	477
2013167	162	2893248	5	2498203	12154348	462
2013000	136	4082015	0	2494155	12150381	159
2013500	168	4066587	0	2494297	12150342	182
2013417	361	5194617	5	2496305	12153758	347
2012750	344	5127871	6	2498748	12154301	341
2013583	27	5334762	4	2497445	12154765	539
2013083	366	4888193	8	2497015	12154494	383
2013417	217	4639623	9	249703	12154458	42
2013583	359	6407391	3	2497563	12153715	615
2013417	242	4605749	0	2494684	12149578	134
2012667	294	4510359	1	2494925	12149542	132
2013417	217	5125487	4	24974	12153842	442
2013083	313	1758406	1	2495402	12155282	207
2013583	321	1438579	3	2497419	1215175	27
2013083	133	4922313	5	2496515	12153737	389
2013083	161	2893248	5	2498203	12154348	517
2012833	317	1160632	0	2494968	12153009	137
2013417	336	3712495	8	2497254	12154059	419
2012917	35	5647425	7	2495744	12153711	535
2013500	303	4510359	1	2494925	12149542	226
2013083	133	3360532	5	2495776	12153438	424
2013417	11	1931207	2	2496365	12151471	213
2013500	53	2596607	6	2497585	12154516	632
2012917	172	2175877	3	2496303	12151254	277
2013583	26	5334762	4	2497445	12154765	55
2013333	175	9957554	0	2496305	12154915	253
2013417	401	1237429	8	2497635	12154329	443
2013000	1	1935845	6	2496571	12154089	507
2013500	85	1048101	5	2496674	12154067	568
2013417	304	464223	6	2497964	12153805	362
2012833	125	5619845	5	2498746	12154391	42
2013583	66	9045606	9	2497433	1215431	59
2013083	355	6407391	3	2497563	12153715	408
2013583	325	4245442	8	2497587	12153913	363
2013167	138	4082015	0	2494155	12150381	20
2012917	68	3795575	10	2498343	12153762	544
2013500	123	1360139	1	2495204	12154842	295
2013583	359	6164004	3	2497723	12153767	368
2012833	205	2185128	3	2496322	12151237	256
2012917	382	5524371	2	2497598	12153381	298
2013000	18	1414837	1	2495182	12154887	265
2013500	118	5334762	4	2497445	12154765	403
2013000	308	3777956	6	2496427	12153964	368
2013083	132	1509347	7	2496725	12154252	481
2012917	253	2707392	3	2496056	12150831	177
2013083	151	3832805	7	2496735	12154464	437
2012750	0	3389679	9	2496853	12154413	508
2012833	18	1455798	1	249512	121549	27
2013583	169	4066587	0	2494297	12150342	183
2012917	89	140643	0	2498573	12152758	48
2013500	23	3947945	0	2494783	12150243	253
2012833	0	2740144	1	249748	12153059	454
2013250	91	1402016	0	2498569	1215276	432
2012917	206	2469645	4	2496108	12151046	218
2012917	319	1146329	0	249492	12153076	161
2012917	409	1675989	5	249663	12154026	41
2012917	8	1048101	5	2496674	12154067	518
2013417	64	9045606	9	2497433	1215431	595
2013083	284	6174424	3	2497746	12153299	346
2013417	164	2893248	5	2498203	12154348	51
2013417	64	9045606	9	2497433	1215431	622
2013500	175	9647496	4	2498872	12153411	382
2012833	127	1701289	1	2497371	12152984	329
2013083	11	1935845	6	2496571	12154089	544
2012750	0	2083905	6	2495618	12153844	457
2012667	327	3924459	6	2496398	1215425	305
2012833	0	2929978	6	2497744	12154458	71
2013083	172	1895181	8	2497707	12154308	471
2013333	122	1360139	1	2495204	12154842	266
2013417	314	5925006	2	249726	12153561	341
2013583	4	2147376	3	2496299	12151284	284
2013083	81	1048101	5	2496674	12154067	516
2013583	333	1966172	7	2497701	12154224	394
2013417	99	2102427	3	2496044	12151462	231
2013333	148	3932606	6	2496172	12153812	76
2012667	306	1438383	8	2498155	12154142	533
2013083	206	7379161	2	2498092	12154739	464
2013000	309	6396283	1	2494375	12147883	122
2013000	136	4197349	0	2493885	12150383	13
2013500	253	1583722	3	2496622	12151709	306
2013500	166	2893248	5	2498203	12154348	596
2013167	133	4922313	5	2496515	12153737	313
2013500	136	4922313	5	2496515	12153737	48
2013250	315	4149476	4	2498199	12154464	325
2013417	0	1854296	0	249711	1215317	455
2012917	99	2791726	7	2497528	12154541	574
2013167	11	1935845	6	2496571	12154089	486
2013083	386	8046897	4	2497838	12153477	629
2013250	38	3838624	5	2498085	12154391	55
2013083	413	1249912	6	2496674	12154039	607
2013417	385	2168329	7	2498086	12154162	41
2013250	296	535527	8	2498092	12153653	375
2013500	4	2147376	3	2496299	12151284	307
2013167	266	4827581	5	2497433	12153863	375
2012833	18	3733937	8	249866	12154082	395
2012667	334	1869686	6	2496604	12154211	422
2012917	189	1009235	0	2496357	12154951	208
2012750	114	3905684	5	2497937	12154245	468
2013500	136	3190708	6	2496495	12154277	474
2013167	10	9424664	0	2497843	12152406	435
2012667	129	4922313	5	2496515	12153737	425
2013250	162	2893248	5	2498203	12154348	514
2013333	51	1559827	3	2497213	12151627	289
2013417	198	6406071	5	2497017	12154647	375
2013500	136	4922313	5	2496515	12153737	401
2013083	119	1360139	1	2495204	12154842	284
2012917	21	4512438	5	2497563	12154694	455
2012750	0	1854296	0	249711	1215317	522
2012750	32	4898821	8	2497017	12154494	432
2013500	164	378059	0	2493293	12151203	451
2012667	349	1794538	8	2497349	12154245	397
2013250	358	1707311	7	2496719	12154269	485
2013500	49	3877721	9	2498118	12153788	447
2013333	12	1360139	1	2495204	12154842	289
2013250	65	3761709	6	2495418	12153713	409
2013500	169	4066587	0	2494297	12150342	207
2013167	138	4082015	0	2494155	12150381	156
2013583	307	126473	0	2494883	12152954	183
2013250	161	8159314	4	2497886	12153464	356
2013000	116	3905684	5	2497937	12154245	394
2012667	155	8159314	4	2497886	12153464	374
2012917	35	4966105	8	2495836	12153756	578
2013417	192	6164004	3	2497723	12153767	396
2012750	16	4066587	0	2494297	12150342	116
2013500	85	1048101	5	2496674	12154067	555
2012833	0	1854296	0	249711	1215317	552
2012917	137	1236564	1	2497694	12155391	306
2013417	0	2929978	6	2497744	12154458	736
2013417	282	3300854	8	2497408	12154011	434
2013083	276	5151122	5	2496299	1215432	374
2013417	84	1962628	1	2495468	12155481	235
2013333	24	4527687	0	2494741	12149628	144
2013083	36	3838624	5	2498085	12154391	588
2013583	66	9045606	9	2497433	1215431	581
2013083	413	4018807	4	2498326	1215446	351
2013417	43	4320385	7	249805	12153778	452
2013083	302	4721745	3	2497005	12153758	365
2012833	139	4573779	0	2494867	12149507	192
2013083	33	1810766	9	2497697	12154262	42
2013500	131	1144436	4	2499176	12153456	367
2013083	14	4388513	1	2497493	1215273	426
2012667	269	444927	0	2494898	12149621	155
2013167	116	2018939	8	2498489	12154121	559
2013500	135	2147376	3	2496299	12151284	236
2013500	17	4082015	0	2494155	12150381	188
2012750	141	2615465	0	2495495	12156174	218
2012750	314	1447286	3	2497285	1215173	215
2013167	209	2185128	3	2496322	12151237	257
2013000	89	3078176	0	2495464	12156627	22
2012917	348	1900392	8	2497707	12154312	443
2012917	163	4066587	0	2494297	12150342	205
2013500	353	6165735	8	2497945	12153642	423
2013167	132	7500704	2	2497371	12154951	378
2013167	438	5758945	7	249675	12154069	427
2013417	97	421479	5	2498246	12154477	493
2013500	152	3771895	0	2493363	12151158	293
2013333	152	4611016	5	2495425	1215399	346
2013000	228	7079067	2	24981	12154713	366
2013250	344	1267286	8	2496881	12154089	482
2013083	34	1576052	7	2496628	12154196	391
2013417	182	4516419	8	2496945	1215449	316
2013417	174	9957554	0	2496305	12154915	255
2013417	131	5619845	5	2498746	12154391	459
2012917	383	6426985	3	2497559	12153713	315
2012667	156	2893248	5	2498203	12154348	461
2013000	18	1414837	1	2495182	12154887	266
2013083	128	1449722	3	2497289	12151728	214
2013250	222	3795575	10	2498343	12153762	44
2013083	385	6650636	3	2497503	12153692	342
2012750	115	1360139	1	2495204	12154842	262
2012833	348	1756294	8	2497347	12154271	409
2013500	52	3905684	5	2497937	12154245	522
2013083	0	2740144	1	249748	12153059	435
2013333	176	1805665	2	2498672	12152091	311
2013083	62	9045606	9	2497433	1215431	58
2013583	181	178318	3	2496731	12151486	209
2013333	192	3837129	8	24972	12154477	481
2013250	378	5909292	1	2497153	12153559	397
2012917	28	3726242	6	2497838	12154119	408
2013417	136	4922313	5	2496515	12153737	438
2012750	293	5297771	8	2498102	12153655	402
2013333	372	1865101	9	2497703	12154265	783
2013333	9	1402016	0	2498569	1215276	385
2013583	306	4311114	10	2498123	12153743	485
2013250	91	1402016	0	2498569	1215276	423
2013333	345	3249419	6	2497814	1215417	46
2013250	11	1935845	6	2496571	12154089	49
2013000	165	4082015	0	2494155	12150381	128
2012917	324	2650609	8	2498059	12153986	402
2013417	119	3171329	0	2500115	12151776	466
2013583	31	1156412	0	249489	12153095	19
2013500	4	2147376	3	2496299	12151284	334
2012833	162	4074736	0	2494235	12150357	147
2012917	271	4412765	1	2495032	12149587	174
2013333	397	3333679	9	2498016	12153932	324
2013250	8	2216612	4	2496007	12151361	239
2012750	129	250631	7	2496606	12154297	393
2013167	36	3738389	10	2498322	12153765	619
2013167	13	7328528	0	2497668	12152518	39
2013083	128	7328528	0	2497668	12152518	406
2013500	181	8377233	0	2496334	12154767	297
2013083	11	1712632	2	2496412	1215167	288
2013500	137	250631	7	2496606	12154297	414
2012833	2	207739	3	2496357	12151329	334
2013417	328	2041705	8	2498236	12153923	482
2013083	48	1559827	3	2497213	12151627	217
2013417	75	6396198	5	2497258	12154814	408
2013417	164	3898219	6	2496412	12154273	406
2013333	217	1055067	0	2496211	12154928	231
2013000	19	1009235	0	2496357	12154951	223
2012833	18	6306153	1	2495743	12147516	15
2013167	392	4247132	7	2497429	12153917	30
2012917	317	1159454	0	249496	12153018	138
2012833	59	9045606	9	2497433	1215431	527
2012667	304	1735595	2	2496464	12151623	259
2012667	11	3299747	5	2498254	12154395	518
2013417	315	5512038	1	2495095	12148458	174
2012667	146	3392289	1	2497519	12153151	265
2013250	173	4441334	1	2497501	1215273	439
2013417	0	2929978	6	2497744	12154458	633
2013083	177	8377233	0	2496334	12154767	288
2013250	17	1485097	4	2497073	121517	307
2013167	162	2288011	3	2495885	12151359	244
2012917	159	2893248	5	2498203	12154348	53
2013417	39	2147376	3	2496299	12151284	317
2013167	326	493657	7	2496968	12154522	406
2012833	157	8159314	4	2497886	12153464	381
2013250	178	178318	3	2496731	12151486	237
2012833	347	4827581	5	2497433	12153863	411
2013417	172	3905684	5	2497937	12154245	401
2013000	176	8377233	0	2496334	12154767	23
2013333	108	2525822	1	249746	12153046	1175
2012917	177	4516419	8	2496945	1215449	265
2012750	13	4922313	5	2496515	12153737	405
2013417	132	1701289	1	2497371	12152984	293
2013167	275	3940173	7	2497305	12153994	41
2012667	15	2338284	7	2496772	12154102	497
2013000	191	4611016	5	2495425	1215399	34
2013417	212	2185128	3	2496322	12151237	277
2012750	0	2083905	6	2495618	12153844	44
2013417	26	155425	3	2497026	12151642	311
2013250	23	1843302	6	2496581	12154086	454
2013333	47	3877721	9	2498118	12153788	448
2012917	2	1455798	1	249512	121549	256
2013417	335	1978671	2	2498674	12151844	235
2012917	15	3832805	7	2496735	12154464	344
2013167	301	7182937	3	2497509	12153644	553
2012917	59	9045606	9	2497433	1215431	563
2013000	192	4611016	5	2495425	1215399	329
2013583	166	3236912	6	2497841	1215428	51
2013333	139	2893248	5	2498203	12154348	445
2013083	377	4903446	0	2497217	12153471	37
2012833	34	5647425	7	2495744	12153711	544
2013083	175	3956747	5	2495674	121534	245
2012667	126	3832805	7	2496735	12154464	425
2013500	264	3355273	6	249796	1215414	381
2013167	182	217959	3	2496299	12151252	218
2012750	125	1144436	4	2499176	12153456	341
2012833	349	5670349	4	2497003	1215458	285
2013333	167	4082015	0	2494155	12150381	167
2013167	332	1217262	10	2498178	12154059	461
2013083	25	1562442	4	2496696	12153992	369
2012750	38	4617848	0	2497229	12153445	357
2013500	165	2288011	3	2495885	12151359	232
2013500	383	4397105	0	2497161	12153423	384
2013417	20	1626083	3	2496622	12151668	294
2013083	162	2893248	5	2498203	12154348	55
2013500	144	1699803	1	2497369	12152979	502
2012833	103	307989	0	249546	12156627	247
2013417	164	2893248	5	2498203	12154348	53
2013250	303	126473	0	2494883	12152954	191
2013583	164	1643499	2	2495394	12155174	247
2013167	213	5377971	4	2497425	12153814	422
2013583	354	3185292	9	2497071	12154069	78
2013333	83	1048101	5	2496674	12154067	428
2013250	37	5779615	6	2497201	12154722	416
2013083	156	1756411	2	249832	12151812	273
2013250	133	250631	7	2496606	12154297	42
2012750	156	7527669	2	2497795	12153451	375
2013333	71	3795575	10	2498343	12153762	498
2013250	346	2726783	5	2495562	12153872	269
2012750	135	4197349	0	2493885	12150383	186
2012917	169	9647496	4	2498872	12153411	377
2013000	129	1874823	1	2497388	12152981	331
2013417	286	1971338	6	2497631	12154436	425
2012667	124	1712632	2	2496412	1215167	313
2013083	366	4888193	8	2497015	12154494	381
2013500	41	5647425	7	2495744	12153711	621
2013417	35	7573377	3	2497538	12154971	367
2012833	159	1497713	3	2497003	12151696	236
2013000	136	4197349	0	2493885	12150383	192
2013083	32	1156777	0	2494935	12153046	128
2013333	256	451969	0	2494826	12149587	156
2013167	398	6177134	2	2497577	12153475	396
2012750	78	1048101	5	2496674	12154067	384
2012917	30	1013341	5	2499006	1215346	228
2013583	273	3376016	6	2496431	12154063	365
2012833	51	1867233	2	2498407	12151748	356
2012833	313	6008604	5	2496871	12154651	309
2012917	315	258186	9	2496867	12154331	363
2013333	17	3299747	5	2498254	12154395	504
2013333	336	2708895	0	2497281	12153265	429
2013000	13	7500704	2	2497371	12154951	37
2012667	57	9045606	9	2497433	1215431	535
2013000	335	5632854	8	2498223	12153597	466
2013500	346	308517	0	24998	1215155	412
2012667	0	1854296	0	249711	1215317	379
2013417	132	1712632	2	2496412	1215167	308
2013583	174	6488021	1	2495719	12147353	112
2012833	46	2596607	6	2497585	12154516	537
2012750	78	1048101	5	2496674	12154067	47
2013000	132	4922313	5	2496515	12153737	423
2012833	4	2180245	3	2496324	12151241	286
2012833	184	2674961	3	2496143	12150827	257
2013500	41	2147376	3	2496299	12151284	313
2013417	122	1360139	1	2495204	12154842	301
2013250	38	3838624	5	2498085	12154391	607
2012833	103	2114473	1	2497417	12152999	453
2013417	0	3389679	9	2496853	12154413	449
2013167	11	1935845	6	2496571	12154089	451
2013500	56	2408993	0	2495505	12155964	247
2012667	329	8730222	10	24983	12154022	471
2013083	414	281205	8	2497345	12154093	633
2013417	171	9674	4	2498872	12153408	40
2013500	323	1099455	10	2498182	12154086	48
2013417	353	6141394	7	2497913	12153666	331
2012917	173	2261432	4	2496182	12151222	295
2012750	142	1801544	1	2495153	12155254	248
2012833	15	1828319	2	2496464	12151531	209
2013417	182	3508515	1	2497544	12153119	431
2012667	202	2185128	3	2496322	12151237	228
2012750	159	2893248	5	2498203	12154348	421
2013500	41	3128963	5	2495591	12153956	517
2013000	339	1576052	7	2496628	12154196	415
2013083	0	2740144	1	249748	12153059	522
2013250	54	3905684	5	2497937	12154245	495
2013250	217	1157988	0	2496165	12155011	238
2013417	147	1717193	2	2496447	12151649	305
2013333	39	4966105	8	2495836	12153756	568
2013333	373	5878877	8	2497077	12154634	374
2013333	0	2929978	6	2497744	12154458	697
2013333	141	2893248	5	2498203	12154348	533
2013417	8	1325469	9	2498298	12153981	473
2013000	163	3529564	0	2493207	12151597	293
2012667	291	5061144	4	2497845	12153889	403
2012750	161	4066587	0	2494297	12150342	129
2013000	183	8288643	10	24983	12154026	466
2012833	0	1854296	0	249711	1215317	553
2013250	162	2103555	3	2496042	12151462	256
2013500	104	2251938	4	2495957	12151353	273
2013250	409	1223619	8	2496756	1215423	677
2013500	328	3778302	9	2497151	1215435	386
2013583	62	1939749	1	2495155	12155387	313
2013083	427	443802	6	2497927	12153874	353
2013000	169	9674	4	2498872	12153408	403
2013500	326	4136271	1	2495544	1214963	247
2012917	212	5125487	4	24974	12153842	425
2012667	371	9186357	1	2497198	12155063	319
2013417	131	1164838	4	2499156	12153406	322
2013417	147	1717193	2	2496447	12151649	23
2012917	127	1701289	1	2497371	12152984	373
2013250	268	4827581	5	2497433	12153863	355
2013083	76	217503	3	2496305	12151254	277
2012833	127	1874823	1	2497388	12152981	285
2012667	309	161942	9	2498353	12153966	397
2013333	164	2893248	5	2498203	12154348	412
2012667	23	1309945	6	2495663	12153765	372
2013167	19	3721386	7	2497293	12154026	405
2013000	52	2408993	0	2495505	12155964	223
2013417	185	2175744	3	249633	12151243	281
2013000	137	4082015	0	2494155	12150381	154
2012667	56	9045606	9	2497433	1215431	50
2013250	188	3909696	7	2497923	12153986	406
2013000	81	1048101	5	2496674	12154067	525
2013500	65	9045606	9	2497433	1215431	639
